Init xI yI Goal xG yG LL
11 1 1 11 1 1 -1592.55
11 1 1 12 1 2 -173.026
11 1 1 13 1 3 -176.232
11 1 1 14 1 4 -175.735
11 1 1 15 1 5 -173.092
11 1 1 21 2 1 -188.8
11 1 1 22 2 2 -175.621
11 1 1 23 2 3 -173.58
11 1 1 24 2 4 -172.983
11 1 1 25 2 5 -171.976
11 1 1 31 3 1 -175.648
11 1 1 32 3 2 -177.324
11 1 1 33 3 3 -172.498
11 1 1 34 3 4 -172.775
11 1 1 35 3 5 -169.229
11 1 1 41 4 1 -170.875
11 1 1 42 4 2 -234.328
11 1 1 43 4 3 -171.353
11 1 1 44 4 4 -170.803
11 1 1 45 4 5 -170.03
11 1 1 51 5 1 -171.712
11 1 1 52 5 2 -171.039
11 1 1 53 5 3 -184.353
11 1 1 54 5 4 -182.458
11 1 1 55 5 5 -163.207
12 1 2 11 1 1 -182.143
12 1 2 12 1 2 -1329.35
12 1 2 13 1 3 -180.78
12 1 2 14 1 4 -179.857
12 1 2 15 1 5 -178.528
12 1 2 21 2 1 -186.822
12 1 2 22 2 2 -179.184
12 1 2 23 2 3 -180.656
12 1 2 24 2 4 -178.321
12 1 2 25 2 5 -178.202
12 1 2 31 3 1 -180.854
12 1 2 32 3 2 -185.637
12 1 2 33 3 3 -178.835
12 1 2 34 3 4 -177.361
12 1 2 35 3 5 -177.512
12 1 2 41 4 1 -178.583
12 1 2 42 4 2 -199.717
12 1 2 43 4 3 -178.485
12 1 2 44 4 4 -176.613
12 1 2 45 4 5 -175.978
12 1 2 51 5 1 -175.124
12 1 2 52 5 2 -177.589
12 1 2 53 5 3 -192.265
12 1 2 54 5 4 -190.175
12 1 2 55 5 5 -171.407
13 1 3 11 1 1 -192.49
13 1 3 12 1 2 -191.564
13 1 3 13 1 3 -1215.12
13 1 3 14 1 4 -188.296
13 1 3 15 1 5 -186.576
13 1 3 21 2 1 -197.353
13 1 3 22 2 2 -189.159
13 1 3 23 2 3 -190.409
13 1 3 24 2 4 -189.291
13 1 3 25 2 5 -191.73
13 1 3 31 3 1 -187.359
13 1 3 32 3 2 -195.105
13 1 3 33 3 3 -188.508
13 1 3 34 3 4 -188.95
13 1 3 35 3 5 -187.305
13 1 3 41 4 1 -189.903
13 1 3 42 4 2 -193.512
13 1 3 43 4 3 -189.647
13 1 3 44 4 4 -187.085
13 1 3 45 4 5 -186.582
13 1 3 51 5 1 -181.757
13 1 3 52 5 2 -184.337
13 1 3 53 5 3 -200.554
13 1 3 54 5 4 -200.01
13 1 3 55 5 5 -181.299
14 1 4 11 1 1 -1614.17
14 1 4 12 1 2 -207.1
14 1 4 13 1 3 -217.847
14 1 4 14 1 4 -1249.84
14 1 4 15 1 5 -198.734
14 1 4 21 2 1 -207.865
14 1 4 22 2 2 -208.745
14 1 4 23 2 3 -201.576
14 1 4 24 2 4 -203.192
14 1 4 25 2 5 -201.709
14 1 4 31 3 1 -204.812
14 1 4 32 3 2 -209.735
14 1 4 33 3 3 -203.301
14 1 4 34 3 4 -205.332
14 1 4 35 3 5 -200.541
14 1 4 41 4 1 -205.21
14 1 4 42 4 2 -209.313
14 1 4 43 4 3 -200.628
14 1 4 44 4 4 -201.119
14 1 4 45 4 5 -199.78
14 1 4 51 5 1 -199.884
14 1 4 52 5 2 -199.474
14 1 4 53 5 3 -213.353
14 1 4 54 5 4 -213.613
14 1 4 55 5 5 -195.022
15 1 5 11 1 1 -222.188
15 1 5 12 1 2 -281.077
15 1 5 13 1 3 -259.725
15 1 5 14 1 4 -267.13
15 1 5 15 1 5 -1433.52
15 1 5 21 2 1 -228.139
15 1 5 22 2 2 -223.1
15 1 5 23 2 3 -223.294
15 1 5 24 2 4 -223.652
15 1 5 25 2 5 -222.821
15 1 5 31 3 1 -222.701
15 1 5 32 3 2 -226.969
15 1 5 33 3 3 -220.736
15 1 5 34 3 4 -221.876
15 1 5 35 3 5 -223.686
15 1 5 41 4 1 -220.341
15 1 5 42 4 2 -529.99
15 1 5 43 4 3 -222.314
15 1 5 44 4 4 -222.056
15 1 5 45 4 5 -221.62
15 1 5 51 5 1 -217.038
15 1 5 52 5 2 -217.645
15 1 5 53 5 3 -226.452
15 1 5 54 5 4 -234.756
15 1 5 55 5 5 -216.93
21 2 1 11 1 1 -171.389
21 2 1 12 1 2 -168.955
21 2 1 13 1 3 -173.151
21 2 1 14 1 4 -168.506
21 2 1 15 1 5 -170.539
21 2 1 21 2 1 -1177.7
21 2 1 22 2 2 -171.405
21 2 1 23 2 3 -169.05
21 2 1 24 2 4 -168.103
21 2 1 25 2 5 -167.619
21 2 1 31 3 1 -171.946
21 2 1 32 3 2 -175.569
21 2 1 33 3 3 -169.508
21 2 1 34 3 4 -168.225
21 2 1 35 3 5 -167.097
21 2 1 41 4 1 -171.41
21 2 1 42 4 2 -201.349
21 2 1 43 4 3 -166.414
21 2 1 44 4 4 -166.448
21 2 1 45 4 5 -165.639
21 2 1 51 5 1 -166.516
21 2 1 52 5 2 -167.242
21 2 1 53 5 3 -188.099
21 2 1 54 5 4 -180.075
21 2 1 55 5 5 -159.809
22 2 2 11 1 1 -175.192
22 2 2 12 1 2 -172.604
22 2 2 13 1 3 -175.945
22 2 2 14 1 4 -174.461
22 2 2 15 1 5 -177.596
22 2 2 21 2 1 -181.561
22 2 2 22 2 2 -914.5
22 2 2 23 2 3 -173.768
22 2 2 24 2 4 -173.487
22 2 2 25 2 5 -171.763
22 2 2 31 3 1 -180.046
22 2 2 32 3 2 -181.083
22 2 2 33 3 3 -174.012
22 2 2 34 3 4 -171.632
22 2 2 35 3 5 -172.855
22 2 2 41 4 1 -173.518
22 2 2 42 4 2 -180.9
22 2 2 43 4 3 -173.605
22 2 2 44 4 4 -173.263
22 2 2 45 4 5 -170.495
22 2 2 51 5 1 -169.696
22 2 2 52 5 2 -172.598
22 2 2 53 5 3 -268.062
22 2 2 54 5 4 -184.796
22 2 2 55 5 5 -165.547
23 2 3 11 1 1 -179.261
23 2 3 12 1 2 -186.102
23 2 3 13 1 3 -183.482
23 2 3 14 1 4 -184.425
23 2 3 15 1 5 -185.244
23 2 3 21 2 1 -189.28
23 2 3 22 2 2 -201.452
23 2 3 23 2 3 -800.263
23 2 3 24 2 4 -181.551
23 2 3 25 2 5 -179.85
23 2 3 31 3 1 -187.55
23 2 3 32 3 2 -188.66
23 2 3 33 3 3 -182.224
23 2 3 34 3 4 -182.44
23 2 3 35 3 5 -179.984
23 2 3 41 4 1 -179.872
23 2 3 42 4 2 -455.156
23 2 3 43 4 3 -180.613
23 2 3 44 4 4 -182.847
23 2 3 45 4 5 -179.44
23 2 3 51 5 1 -178.218
23 2 3 52 5 2 -178.196
23 2 3 53 5 3 -276.162
23 2 3 54 5 4 -193.327
23 2 3 55 5 5 -174.825
24 2 4 11 1 1 -196.501
24 2 4 12 1 2 -193.355
24 2 4 13 1 3 -195.093
24 2 4 14 1 4 -195.877
24 2 4 15 1 5 -196.529
24 2 4 21 2 1 -199.383
24 2 4 22 2 2 -223.97
24 2 4 23 2 3 -257.887
24 2 4 24 2 4 -834.987
24 2 4 25 2 5 -191.246
24 2 4 31 3 1 -197.422
24 2 4 32 3 2 -197.954
24 2 4 33 3 3 -196.162
24 2 4 34 3 4 -193.953
24 2 4 35 3 5 -194.063
24 2 4 41 4 1 -194.817
24 2 4 42 4 2 -200.942
24 2 4 43 4 3 -192.334
24 2 4 44 4 4 -193.665
24 2 4 45 4 5 -195.321
24 2 4 51 5 1 -189.904
24 2 4 52 5 2 -191.912
24 2 4 53 5 3 -289.809
24 2 4 54 5 4 -205.75
24 2 4 55 5 5 -188.182
25 2 5 11 1 1 -213.526
25 2 5 12 1 2 -212.721
25 2 5 13 1 3 -213.206
25 2 5 14 1 4 -214.293
25 2 5 15 1 5 -214.915
25 2 5 21 2 1 -215.01
25 2 5 22 2 2 -243.95
25 2 5 23 2 3 -290.144
25 2 5 24 2 4 -429.199
25 2 5 25 2 5 -1018.67
25 2 5 31 3 1 -214.555
25 2 5 32 3 2 -219.175
25 2 5 33 3 3 -214.411
25 2 5 34 3 4 -214.102
25 2 5 35 3 5 -215.011
25 2 5 41 4 1 -211.152
25 2 5 42 4 2 -521.936
25 2 5 43 4 3 -212.813
25 2 5 44 4 4 -212.438
25 2 5 45 4 5 -213.113
25 2 5 51 5 1 -209.551
25 2 5 52 5 2 -211.641
25 2 5 53 5 3 -240.619
25 2 5 54 5 4 -225.359
25 2 5 55 5 5 -208.028
31 3 1 11 1 1 -173.195
31 3 1 12 1 2 -169.452
31 3 1 13 1 3 -174.4
31 3 1 14 1 4 -170.266
31 3 1 15 1 5 -173.976
31 3 1 21 2 1 -177.943
31 3 1 22 2 2 -174.753
31 3 1 23 2 3 -172.301
31 3 1 24 2 4 -171.639
31 3 1 25 2 5 -168.618
31 3 1 31 3 1 -911.802
31 3 1 32 3 2 -184.989
31 3 1 33 3 3 -174.827
31 3 1 34 3 4 -169.629
31 3 1 35 3 5 -170.496
31 3 1 41 4 1 -170.813
31 3 1 42 4 2 -189.92
31 3 1 43 4 3 -171.005
31 3 1 44 4 4 -169.086
31 3 1 45 4 5 -168.133
31 3 1 51 5 1 -167.472
31 3 1 52 5 2 -170.133
31 3 1 53 5 3 -187.72
31 3 1 54 5 4 -180.342
31 3 1 55 5 5 -161.836
32 3 2 11 1 1 -182.711
32 3 2 12 1 2 -183.755
32 3 2 13 1 3 -184.237
32 3 2 14 1 4 -178.581
32 3 2 15 1 5 -181.265
32 3 2 21 2 1 -185.817
32 3 2 22 2 2 -186.324
32 3 2 23 2 3 -181.045
32 3 2 24 2 4 -179.631
32 3 2 25 2 5 -178.452
32 3 2 31 3 1 -187.239
32 3 2 32 3 2 -648.605
32 3 2 33 3 3 -185.622
32 3 2 34 3 4 -183.622
32 3 2 35 3 5 -178.133
32 3 2 41 4 1 -186.061
32 3 2 42 4 2 -233.551
32 3 2 43 4 3 -183.993
32 3 2 44 4 4 -183.488
32 3 2 45 4 5 -184.751
32 3 2 51 5 1 -179.566
32 3 2 52 5 2 -179.885
32 3 2 53 5 3 -191.812
32 3 2 54 5 4 -195.065
32 3 2 55 5 5 -178.394
33 3 3 11 1 1 -293.536
33 3 3 12 1 2 -194.014
33 3 3 13 1 3 -186.003
33 3 3 14 1 4 -202.259
33 3 3 15 1 5 -197.583
33 3 3 21 2 1 -191.776
33 3 3 22 2 2 -194.824
33 3 3 23 2 3 -188.701
33 3 3 24 2 4 -190.224
33 3 3 25 2 5 -186.614
33 3 3 31 3 1 -300.232
33 3 3 32 3 2 -207.904
33 3 3 33 3 3 -534.369
33 3 3 34 3 4 -187.145
33 3 3 35 3 5 -187.616
33 3 3 41 4 1 -190.326
33 3 3 42 4 2 -499.925
33 3 3 43 4 3 -186.277
33 3 3 44 4 4 -186.769
33 3 3 45 4 5 -189.813
33 3 3 51 5 1 -189.694
33 3 3 52 5 2 -187.218
33 3 3 53 5 3 -207.004
33 3 3 54 5 4 -203.931
33 3 3 55 5 5 -185.387
34 3 4 11 1 1 -205.195
34 3 4 12 1 2 -204.711
34 3 4 13 1 3 -211.416
34 3 4 14 1 4 -395.49
34 3 4 15 1 5 -204.675
34 3 4 21 2 1 -203.913
34 3 4 22 2 2 -202.767
34 3 4 23 2 3 -198.477
34 3 4 24 2 4 -201.597
34 3 4 25 2 5 -196.291
34 3 4 31 3 1 -377.474
34 3 4 32 3 2 -663.281
34 3 4 33 3 3 -224.765
34 3 4 34 3 4 -569.092
34 3 4 35 3 5 -196.511
34 3 4 41 4 1 -199.969
34 3 4 42 4 2 -208.605
34 3 4 43 4 3 -199.814
34 3 4 44 4 4 -200.874
34 3 4 45 4 5 -203.832
34 3 4 51 5 1 -198.12
34 3 4 52 5 2 -200.776
34 3 4 53 5 3 -230.05
34 3 4 54 5 4 -211.341
34 3 4 55 5 5 -199.943
35 3 5 11 1 1 -222.196
35 3 5 12 1 2 -218.29
35 3 5 13 1 3 -223.277
35 3 5 14 1 4 -223.818
35 3 5 15 1 5 -227.164
35 3 5 21 2 1 -222.153
35 3 5 22 2 2 -219.798
35 3 5 23 2 3 -221.53
35 3 5 24 2 4 -222.429
35 3 5 25 2 5 -216.126
35 3 5 31 3 1 -952.576
35 3 5 32 3 2 -229.431
35 3 5 33 3 3 -342.416
35 3 5 34 3 4 -578.571
35 3 5 35 3 5 -752.776
35 3 5 41 4 1 -805.021
35 3 5 42 4 2 -228.357
35 3 5 43 4 3 -218.622
35 3 5 44 4 4 -219.905
35 3 5 45 4 5 -221.227
35 3 5 51 5 1 -228.804
35 3 5 52 5 2 -219.646
35 3 5 53 5 3 -226.967
35 3 5 54 5 4 -231.609
35 3 5 55 5 5 -218.426
41 4 1 11 1 1 -176.093
41 4 1 12 1 2 -172.803
41 4 1 13 1 3 -177.024
41 4 1 14 1 4 -176.958
41 4 1 15 1 5 -174.386
41 4 1 21 2 1 -181.74
41 4 1 22 2 2 -178.28
41 4 1 23 2 3 -440.965
41 4 1 24 2 4 -174.684
41 4 1 25 2 5 -173.535
41 4 1 31 3 1 -217.893
41 4 1 32 3 2 -199.577
41 4 1 33 3 3 -175.426
41 4 1 34 3 4 -173.629
41 4 1 35 3 5 -173.257
41 4 1 41 4 1 -794.867
41 4 1 42 4 2 -487.001
41 4 1 43 4 3 -176.365
41 4 1 44 4 4 -176.158
41 4 1 45 4 5 -173.971
41 4 1 51 5 1 -171.533
41 4 1 52 5 2 -178.877
41 4 1 53 5 3 -187.429
41 4 1 54 5 4 -188.737
41 4 1 55 5 5 -170.264
42 4 2 11 1 1 -189.706
42 4 2 12 1 2 -201.844
42 4 2 13 1 3 -190.363
42 4 2 14 1 4 -192.291
42 4 2 15 1 5 -190.233
42 4 2 21 2 1 -197.749
42 4 2 22 2 2 -194.253
42 4 2 23 2 3 -186.946
42 4 2 24 2 4 -189.49
42 4 2 25 2 5 -188.919
42 4 2 31 3 1 -241.296
42 4 2 32 3 2 -270.973
42 4 2 33 3 3 -198.125
42 4 2 34 3 4 -192.323
42 4 2 35 3 5 -193.658
42 4 2 41 4 1 -230.724
42 4 2 42 4 2 -531.671
42 4 2 43 4 3 -334.672
42 4 2 44 4 4 -188.975
42 4 2 45 4 5 -189.186
42 4 2 51 5 1 -186.431
42 4 2 52 5 2 -453.442
42 4 2 53 5 3 -291.2
42 4 2 54 5 4 -207.683
42 4 2 55 5 5 -189.147
43 4 3 11 1 1 -226.596
43 4 3 12 1 2 -247.77
43 4 3 13 1 3 -198.167
43 4 3 14 1 4 -204.758
43 4 3 15 1 5 -227.162
43 4 3 21 2 1 -241.873
43 4 3 22 2 2 -243.624
43 4 3 23 2 3 -195.242
43 4 3 24 2 4 -222.315
43 4 3 25 2 5 -198.922
43 4 3 31 3 1 -470.836
43 4 3 32 3 2 -280.303
43 4 3 33 3 3 -197.114
43 4 3 34 3 4 -195.259
43 4 3 35 3 5 -203.623
43 4 3 41 4 1 -245.886
43 4 3 42 4 2 -508.756
43 4 3 43 4 3 -417.434
43 4 3 44 4 4 -282.159
43 4 3 45 4 5 -221.625
43 4 3 51 5 1 -224.293
43 4 3 52 5 2 -230.303
43 4 3 53 5 3 -297.642
43 4 3 54 5 4 -221.204
43 4 3 55 5 5 -203.914
44 4 4 11 1 1 -214.185
44 4 4 12 1 2 -215.045
44 4 4 13 1 3 -234.669
44 4 4 14 1 4 -214.642
44 4 4 15 1 5 -218.376
44 4 4 21 2 1 -206.955
44 4 4 22 2 2 -219.412
44 4 4 23 2 3 -208.794
44 4 4 24 2 4 -206.674
44 4 4 25 2 5 -211.269
44 4 4 31 3 1 -274.731
44 4 4 32 3 2 -604.092
44 4 4 33 3 3 -209.43
44 4 4 34 3 4 -217.63
44 4 4 35 3 5 -209.99
44 4 4 41 4 1 -285.879
44 4 4 42 4 2 -213.247
44 4 4 43 4 3 -216.863
44 4 4 44 4 4 -452.158
44 4 4 45 4 5 -214.151
44 4 4 51 5 1 -294.566
44 4 4 52 5 2 -272.348
44 4 4 53 5 3 -306.696
44 4 4 54 5 4 -233.5
44 4 4 55 5 5 -211.27
45 4 5 11 1 1 -230.85
45 4 5 12 1 2 -229.212
45 4 5 13 1 3 -241.064
45 4 5 14 1 4 -237.941
45 4 5 15 1 5 -233.746
45 4 5 21 2 1 -231.69
45 4 5 22 2 2 -230.089
45 4 5 23 2 3 -232.908
45 4 5 24 2 4 -229.926
45 4 5 25 2 5 -235.019
45 4 5 31 3 1 -230.214
45 4 5 32 3 2 -244.13
45 4 5 33 3 3 -240.181
45 4 5 34 3 4 -228.023
45 4 5 35 3 5 -229.383
45 4 5 41 4 1 -228.052
45 4 5 42 4 2 -301.872
45 4 5 43 4 3 -238.8
45 4 5 44 4 4 -256.373
45 4 5 45 4 5 -635.841
45 4 5 51 5 1 -229.996
45 4 5 52 5 2 -439.597
45 4 5 53 5 3 -335.701
45 4 5 54 5 4 -255.476
45 4 5 55 5 5 -242.452
51 5 1 11 1 1 -183.301
51 5 1 12 1 2 -184.356
51 5 1 13 1 3 -187.21
51 5 1 14 1 4 -185.502
51 5 1 15 1 5 -186.905
51 5 1 21 2 1 -187.309
51 5 1 22 2 2 -190.329
51 5 1 23 2 3 -185.269
51 5 1 24 2 4 -186.488
51 5 1 25 2 5 -183.26
51 5 1 31 3 1 -218.053
51 5 1 32 3 2 -234.657
51 5 1 33 3 3 -187.242
51 5 1 34 3 4 -184.379
51 5 1 35 3 5 -184.695
51 5 1 41 4 1 -290.599
51 5 1 42 4 2 -196.61
51 5 1 43 4 3 -185.065
51 5 1 44 4 4 -186.249
51 5 1 45 4 5 -183.208
51 5 1 51 5 1 -826.893
51 5 1 52 5 2 -187.992
51 5 1 53 5 3 -198.1
51 5 1 54 5 4 -198.685
51 5 1 55 5 5 -180.039
52 5 2 11 1 1 -211.82
52 5 2 12 1 2 -204.817
52 5 2 13 1 3 -203.188
52 5 2 14 1 4 -203.243
52 5 2 15 1 5 -728.125
52 5 2 21 2 1 -729.66
52 5 2 22 2 2 -203.42
52 5 2 23 2 3 -202.761
52 5 2 24 2 4 -204.23
52 5 2 25 2 5 -730.826
52 5 2 31 3 1 -931.302
52 5 2 32 3 2 -659.618
52 5 2 33 3 3 -497.596
52 5 2 34 3 4 -203.022
52 5 2 35 3 5 -197.909
52 5 2 41 4 1 -203.067
52 5 2 42 4 2 -214.836
52 5 2 43 4 3 -233.531
52 5 2 44 4 4 -201.141
52 5 2 45 4 5 -200.306
52 5 2 51 5 1 -194.101
52 5 2 52 5 2 -563.697
52 5 2 53 5 3 -219.68
52 5 2 54 5 4 -216.675
52 5 2 55 5 5 -197.716
53 5 3 11 1 1 -222.54
53 5 3 12 1 2 -478.979
53 5 3 13 1 3 -494.334
53 5 3 14 1 4 -481.145
53 5 3 15 1 5 -478.045
53 5 3 21 2 1 -477.347
53 5 3 22 2 2 -483.157
53 5 3 23 2 3 -483.613
53 5 3 24 2 4 -222.992
53 5 3 25 2 5 -476.262
53 5 3 31 3 1 -943.33
53 5 3 32 3 2 -421.018
53 5 3 33 3 3 -509.588
53 5 3 34 3 4 -222.287
53 5 3 35 3 5 -479.363
53 5 3 41 4 1 -231.478
53 5 3 42 4 2 -485.35
53 5 3 43 4 3 -258.411
53 5 3 44 4 4 -475.137
53 5 3 45 4 5 -242.362
53 5 3 51 5 1 -231.983
53 5 3 52 5 2 -476.747
53 5 3 53 5 3 -449.46
53 5 3 54 5 4 -233.402
53 5 3 55 5 5 -221.414
54 5 4 11 1 1 -493.93
54 5 4 12 1 2 -770.33
54 5 4 13 1 3 -504.628
54 5 4 14 1 4 -503.989
54 5 4 15 1 5 -508.747
54 5 4 21 2 1 -331.382
54 5 4 22 2 2 -249.853
54 5 4 23 2 3 -331.301
54 5 4 24 2 4 -506.733
54 5 4 25 2 5 -505.31
54 5 4 31 3 1 -492.244
54 5 4 32 3 2 -690.865
54 5 4 33 3 3 -504.01
54 5 4 34 3 4 -493.024
54 5 4 35 3 5 -503.074
54 5 4 41 4 1 -270.285
54 5 4 42 4 2 -536.225
54 5 4 43 4 3 -285.433
54 5 4 44 4 4 -494.274
54 5 4 45 4 5 -511.155
54 5 4 51 5 1 -494.669
54 5 4 52 5 2 -273.285
54 5 4 53 5 3 -323.159
54 5 4 54 5 4 -484.183
54 5 4 55 5 5 -516.749
55 5 5 11 1 1 -355.113
55 5 5 12 1 2 -356.284
55 5 5 13 1 3 -352.386
55 5 5 14 1 4 -332.442
55 5 5 15 1 5 -356.2
55 5 5 21 2 1 -355.393
55 5 5 22 2 2 -517.029
55 5 5 23 2 3 -353.183
55 5 5 24 2 4 -518.712
55 5 5 25 2 5 -360.687
55 5 5 31 3 1 -354.165
55 5 5 32 3 2 -362.017
55 5 5 33 3 3 -360.093
55 5 5 34 3 4 -519.266
55 5 5 35 3 5 -360.586
55 5 5 41 4 1 -329.57
55 5 5 42 4 2 -376.886
55 5 5 43 4 3 -348.316
55 5 5 44 4 4 -522.248
55 5 5 45 4 5 -358.03
55 5 5 51 5 1 -308.206
55 5 5 52 5 2 -329.144
55 5 5 53 5 3 -348.505
55 5 5 54 5 4 -278.592
55 5 5 55 5 5 -667.867
